SoftmaxRegression:0.2
<config>
<param name="lambda" type="float">0</param>
<param name="model-filename" type="string">classifier.dat</param>
<param name="optimization" type="string">scg</param>
<param name="scg" type="composite">
   <param name="max iterations" type="integer">1000</param>
</param>
<param name="seed" type="integer">1234</param>
</config>
weights:4 x 201
-2.44735,-2.55031,22.4647,6.34656,-1.94731,-3.26779,-6.31967,-8.15059,-3.06888,-6.59702,23.9607,-7.55669,-2.83739,-9.02611,5.60048,8.8085,-10.5721,-2.2739,-2.62908,3.60108,14.5892,-3.61151,-6.47021,-4.42567,-14.4886,16.744,13.5761,-1.00426,8.2825,35.14,-7.09363,-2.01352,24.2792,-7.66966,0.4132,13.4613,6.62439,-2.84156,16.3945,19.3008,-5.26684,10.1175,1.38089,-9.92799,-5.19686,0.817689,-10.9351,-9.90274,8.78633,-1.13031,-7.72703,9.60177,1.62992,-6.57282,-8.66087,-6.23171,-10.3637,-11.2958,-1.96951,11.6079,0.169673,0.74603,-4.82668,7.52482,-0.218049,0.673608,19.5421,-5.65667,15.7864,-9.09848,-5.38371,-1.29672,-3.98921,-2.51374,1.90592,-4.2813,39.5159,-8.15198,8.00141,-5.40853,-16.0879,9.02245,-20.282,-1.5399,-2.89502,-2.2763,14.2817,9.6284,-1.80533,-3.29042,2.63575,-7.68765,-14.6847,-1.38732,7.76158,-2.54138,7.8326,4.28995,-11.3158,17.0777,11.4142,19.3939,-10.0118,16.2814,-2.43354,-3.59747,44.1482,1.02239,-4.11639,-2.3126,0.182761,-3.84898,-3.98323,-9.91642,0.884771,0.251023,0.0503451,-13.2874,-8.34421,-21.524,15.4925,-3.79236,-5.11146,-0.00801175,-9.0175,-11.8583,-2.57274,-0.618382,-1.2712,-8.31163,-3.24483,3.55972,-9.25084,5.1757,-2.07617,-13.4811,-4.40795,2.3615,-7.835,-0.405154,20.7959,13.4008,2.20975,18.5863,0.508084,-12.3088,6.87506,-9.32363,-9.29059,-3.75761,-8.12385,-9.61978,20.6926,-2.28184,-8.05283,-1.47599,9.96648,-0.00181743,0.0972577,-13.2478,-6.88863,1.82044,-0.136696,-12.9753,-12.666,9.28625,-7.14365,-11.0242,4.14037,-2.49729,-7.17514,-10.9434,-4.82874,-11.9442,-4.52409,-4.05601,4.34698,0.462731,-5.86671,-4.75278,-8.80648,21.4806,3.40351,-8.42966,-9.85366,-4.50434,-7.19921,11.7022,-10.2949,-6.09657,-1.74416,10.7631,-5.39379,-5.23297,10.1032,-9.71276,7.13483,-6.6384,12.5092,-2.10435,22.8963
-2.60937,-4.15883,-12.0418,-10.0884,-4.60711,-11.487,21.9866,20.9142,21.3684,8.03328,-21.5297,-13.6215,-6.26059,15.759,-14.2961,4.36399,5.68339,-7.31045,7.65987,-12.3022,-14.6483,-4.08442,47.1604,6.90984,-12.1822,-8.64631,-14.1716,-15.1946,-1.26281,-17.5815,28.9472,14.4412,-11.3055,-1.50311,-1.66856,-1.28569,-16.4068,-2.60865,-14.8614,-14.1605,16.7333,10.9217,-1.80617,21.6681,32.7043,-3.88867,-6.08288,-7.48899,-0.636489,-1.45879,0.476223,-16.5822,-0.373006,-12.4412,10.3623,-8.60257,26.4962,28.7046,34.609,-3.22967,7.91229,24.7383,-4.17213,4.64247,-0.199121,-6.10034,-14.1418,-8.7315,-11.4166,5.14556,-13.8058,-6.88695,2.40417,0.523539,-13.7272,2.94701,-17.6457,-8.5358,-5.76502,-10.6484,18.9117,-18.6963,33.5798,-12.154,3.55435,6.25492,-8.19429,-7.86647,-4.06502,-4.28473,-3.6797,7.80618,19.5074,29.6258,2.04963,-2.16989,-13.6814,10.3117,-17.1804,-0.13843,-8.35145,-12.514,-16.5576,-4.0507,22.9076,-16.7235,-17.8206,-5.70296,24.6073,-7.96285,30.9293,-4.26005,-0.441495,-9.48038,-9.56392,-2.26779,-1.58363,-0.280079,-8.29696,-9.81171,-20.9501,-2.97247,35.8982,-0.0127733,13.8588,10.7393,-11.4269,-2.91321,18.6484,4.97839,1.64538,22.5425,20.4805,-6.80246,44.7097,18.7438,-12.6978,-4.04863,4.93359,-7.38448,-7.93046,-6.01115,1.95513,-18.0887,-21.8974,20.3752,-16.4011,-12.6386,-16.5467,-7.20989,-1.91948,30.2716,-4.61741,-12.3586,-12.8537,6.70096,-8.72958,-0.00354869,-0.762432,-10.3027,21.8608,22.425,-0.211285,9.82066,39.5338,-11.8525,-13.1978,-21.3326,-2.32836,-0.813985,19.3907,5.45479,-2.64375,35.213,1.46934,-2.71171,-12.0593,-8.41943,-0.0582531,-11.1542,-15.7668,-16.0553,-6.85537,18.1652,22.2791,-11.3115,14.5113,4.4164,-26.3862,8.08554,22.1007,-16.25,9.14711,-12.2171,-14.4435,-6.64238,-20.3395,-12.5637,3.91465,6.58113,-13.2045
-3.19086,9.81845,1.6522,11.2551,2.27372,-9.53234,-13.0043,-7.13173,-2.89856,-3.49023,-1.03447,-5.77669,-1.49798,-6.87683,8.32632,2.5851,-9.99516,5.5826,3.76392,-4.67269,-0.87184,19.28,-15.1324,-0.345602,-12.9314,9.03022,-10.6131,2.50161,0.573632,3.20745,-7.99738,-7.78363,16.5233,-8.69489,3.02042,-11.3497,-12.5871,6.68521,-7.42325,0.0914726,-12.6998,-3.47008,0.121148,-9.55053,-12.2592,-0.794146,-11.9762,-4.36791,-11.3342,4.87509,-5.77913,10.8945,-1.35024,-0.340939,-10.926,-5.71012,11.4754,-20.8424,-8.22752,12.4638,-4.1966,16.5116,4.0928,-14.292,-0.01133,-4.74881,-1.8834,-4.95645,3.46385,-2.90738,-3.17648,-0.854389,-4.68842,-5.8658,23.9093,-5.52379,-5.13709,-4.90878,1.95903,-7.22709,-13.425,26.7425,-7.46199,-7.99862,-7.5517,21.197,-2.35928,-2.03965,-7.54924,10.0987,-3.96307,-14.4844,-17.5669,-6.00328,-6.28055,-4.10914,15.9407,-5.80917,2.25945,-3.34954,18.5493,-0.846207,-9.93608,10.7933,-6.73362,25.2066,10.443,3.89919,-6.72014,11.6512,-10.6705,-4.9455,5.00641,1.30269,28.0246,-3.73014,-0.681363,-4.81845,8.38959,-0.60658,22.9376,3.46586,-4.41187,-0.00692939,-13.0089,-17.7132,24.9792,-6.51611,-7.63125,4.05302,-5.02784,1.13501,-13.0152,-2.14538,-9.47186,-14.733,3.61617,10.2293,-2.00873,33.4252,1.15671,-4.89023,-6.73547,33.2782,-11.7919,3.96708,7.23499,20.8714,29.2253,-7.41919,-10.0738,-12.2491,-13.7398,-6.63731,0.15678,-9.15807,2.64049,-0.0040467,-1.36843,-10.6281,-9.1008,1.9233,0.10271,7.41984,-7.02573,-7.4669,-3.72088,26.8241,13.2866,-0.692414,-7.51445,1.47141,-5.64722,-2.3978,-1.91298,14.0132,-12.0212,1.53618,6.93611,23.4897,-3.44436,-18.8636,10.3988,0.420046,-6.59273,-6.27864,-8.97826,-8.93627,17.9932,-6.92568,-10.1772,27.0377,-6.05595,11.619,11.0712,15.8711,34.5775,-12.9289,4.32278,4.11963,12.9165
8.24758,-3.10931,-12.0751,-7.51318,4.2807,24.2871,-2.66262,-5.63187,-15.401,2.05397,-1.39648,26.9549,10.596,0.143911,0.369276,-15.7576,14.8839,4.00176,-8.79471,13.3738,0.930879,-11.5841,-25.5578,-2.13857,39.6022,-17.1279,11.2086,13.6972,-7.59332,-20.766,-13.8562,-4.64409,-29.497,17.8677,-1.76506,-0.825949,22.3695,-1.235,5.89009,-5.23181,1.23334,-17.5691,0.304133,-2.18962,-15.2483,3.86513,28.9942,21.7596,3.18439,-2.28599,13.0299,-3.91405,0.0933227,19.3549,9.22458,20.5444,-27.6079,3.43362,-24.412,-20.842,-3.88536,-41.9959,4.90602,2.12475,0.4285,10.1755,-3.51689,19.3446,-7.83366,6.86029,22.366,9.03806,6.27346,7.856,-12.0881,6.85808,-16.7332,21.5966,-4.19542,23.2841,10.6012,-17.0687,-5.8358,21.6925,6.89236,-25.1756,-3.72817,0.277717,13.4196,-2.52354,5.00702,14.3658,12.7442,-22.2352,-3.53066,8.82041,-10.0919,-8.79248,26.2368,-13.5897,-21.6121,-6.03372,36.5055,-23.024,-13.7405,-4.88561,-36.7707,0.781381,-13.7707,-1.3757,-20.4416,13.0545,-0.581684,18.0941,-19.3454,5.7469,2.21465,18.3859,8.25159,31.9423,-17.48,3.29897,-26.3749,0.0277145,8.16755,18.8322,-10.9795,10.0477,-9.74591,-0.71978,6.6273,-27.2372,1.78552,3.77213,-33.1616,9.47037,13.4896,-8.54221,4.91015,-25.6356,-14.0221,-2.49943,2.57059,-33.7758,33.1813,-12.0334,2.29106,1.09082,-3.38796,18.3867,20.1171,-8.40271,-2.33538,21.2777,20.7497,3.9331,-3.8774,0.00941282,2.0336,34.1787,-5.87138,-26.1687,0.24527,-4.26517,-19.842,10.0332,24.0623,5.53268,-15.0986,4.00369,-4.70115,4.01719,13.1197,-20.871,4.96773,-7.2455,19.7336,6.42051,-1.01115,-7.58268,28.0177,13.4383,-6.94691,-10.1556,-5.83271,22.0944,1.66619,-7.18232,18.6878,4.9367,-10.1794,-21.5508,2.30263,5.83098,-6.73087,0.484084,-21.3728,32.131,-20.7466,-8.59642,-22.6082
