SoftmaxRegression:0.2
<config>
<param name="lambda" type="float">0</param>
<param name="model-filename" type="string">classifier.dat</param>
<param name="optimization" type="string">scg</param>
<param name="scg" type="composite">
   <param name="max iterations" type="integer">2000</param>
</param>
<param name="seed" type="integer">1234</param>
</config>
weights:4 x 201
-2.5358,-5.94267,34.909,-0.000593941,-0.00185641,-0.278052,-6.95436,-0.81567,-0.00033321,0.105193,-7.23376,-0.700211,-3.81067,-1.20837,-0.00674193,-0.746263,-0.0479816,-0.00449025,-4.91102,-0.00251505,14.0933,-0.00012402,-2.5275,-2.18945,-0.0096989,21.5546,-9.71144,-0.00724931,-0.191888,21.906,-0.0429972,-11.5941,8.35841,-0.0501248,-4.27627,10.902,-15.8009,-0.00619332,-2.47796,-4.75149,-6.5422,-6.08738,-0.00120138,-1.36141,-3.35245,-0.010904,-5.19972,1.00464,8.25483,-0.00129069,-1.05156,17.8194,-0.00293356,-6.58002,-3.02459,-1.95215,-10.4775,-4.66315,-4.6849,20.0945,8.43086,-3.26193,-0.028133,-7.29044,-0.00684259,-0.0013112,-0.49366,-2.00491,-1.7595,-6.19924,-0.213529,-14.5919,-0.000776742,-3.86866,-4.19806,-2.26863,0.503321,-18.4455,-0.0685687,-0.562541,-4.8332,-0.00136861,-16.1208,-1.10345,-0.00210848,-1.08054,4.96256,-3.81835,-2.67554,15.9902,-0.0129594,10.648,-11.093,-0.00210048,-5.22639,-6.71895,-1.42026,6.02147,-0.0400271,1.39784,24.2714,8.81642,-2.26669,26.1073,-0.0134449,40.3342,35.6946,-1.83567,-0.000442744,-0.0289347,-0.040844,-0.00470777,-5.42744,-5.37171,-0.00464654,-0.000442744,-0.00682664,-4.02138,-9.93565,-0.670629,-0.0041311,-0.000707641,-0.788618,-0.00113807,-5.15229,-7.5762,-0.000442744,-2.88762,-0.00629612,-13.9689,-1.04947,-0.000944603,-8.96455,5.84344,-1.73906,-2.50932,-10.9512,6.52242,7.64982,-0.278189,-0.00721414,33.2407,-3.1921,0.23267,3.9491,6.94603,9.22573,-0.0151875,-18.8404,-2.10706,-5.0973,-1.93579,12.2319,7.19413,-0.61368,-3.12772,-0.185104,-0.000442744,-2.68392,-0.0299696,-4.68818,-10.1304,-0.27995,-0.00137828,-0.0450306,17.5534,-0.0591308,-13.9439,0.455613,-3.8699,-0.046404,-33.7342,-0.475476,-4.02132,-0.00033321,-2.27901,2.44938,-0.0937933,-4.22657,-0.283013,-19.5568,-3.01039,-0.0499139,-0.183875,-1.01476,-0.114123,-4.78546,1.5373,32.4073,0.772827,-31.414,0.651929,-5.93692,-3.17538,3.18009,-0.000920623,-0.000879301,35.3673,-0.595003,-0.00099706,-0.0554064
-7.08779,-15.9904,-5.3812,-0.00144909,-0.00995053,-0.0858214,5.499,-1.82706,-0.000938702,-0.0998046,-6.26781,-1.38398,2.2444,-8.38701,0.0467078,-3.62623,-3.37119,-0.0201612,5.16826,-0.00743528,-7.43662,-0.000300236,25.6496,24.368,-0.00248885,-8.31103,-4.1278,-0.0124633,-2.25328,-8.36852,-0.17896,21.3575,-4.90992,-0.136489,5.49738,-7.66343,-5.30931,-0.0429684,-11.7952,-5.59515,47.9519,9.78278,-0.00251558,0.983734,27.6423,-0.0282356,0.558787,-10.7111,18.6949,-0.0746373,8.62433,-17.2463,0.0842445,-6.09851,-11.3113,-4.59691,7.96094,6.10829,-8.74703,-11.1424,8.35839,1.9218,-0.0352777,10.221,-0.00362517,-0.0328329,-0.156427,-5.45319,11.8242,17.0881,0.00453075,28.4206,-0.00144362,-20.4702,-3.38646,-4.45595,-0.0891648,-9.45732,-0.0121763,-0.572381,23.1081,-0.0103334,38.6526,-2.25421,-0.00132452,1.68959,-7.34859,-4.45374,-12.6382,-7.13804,-0.0319087,-5.84905,-11.8143,-0.00512929,31.7402,10.7579,-3.32378,-0.489534,0.708414,11.0417,-14.8578,-35.5741,17.213,-20.9516,0.286381,-31.6342,-13.6961,-4.63195,-0.00180601,-0.0241693,0.382656,-0.00204442,16.4747,3.12153,-0.156668,-0.00180601,-0.0499585,-8.658,10.7573,-6.56698,-0.0206569,-0.00147302,12.6939,-0.00332602,35.6406,18.2941,-0.00180601,-7.45263,-0.391422,39.3222,-4.01672,0.038567,15.754,-0.446122,19.9616,-8.33547,-24.4757,-4.00204,-9.77623,-3.62015,-0.0373164,-7.95435,-2.35831,-0.00341146,-5.29197,-8.93495,0.535778,-0.00625307,-30.1467,-4.04511,8.96406,-5.27122,-8.52283,-12.5168,-1.60465,1.42628,-0.0916348,-0.00180601,-13.6114,-0.0373435,28.5498,-20.5845,-0.70897,0.0353495,-0.842989,-7.42213,-0.0980944,-6.01263,-21.2537,44.21,-0.397915,21.964,-9.33621,2.39538,-0.000938702,-2.27666,-13.7471,0.544531,4.05512,-1.39694,-4.09983,-2.88171,-1.37931,5.58776,-1.16121,-0.46549,4.71874,-9.66191,-46.9081,-6.65894,0.651576,-0.0289596,10.8392,-15.9721,7.20423,-0.0619037,-0.000645667,-8.97136,11.8273,-0.00730044,-0.125257
-1.94162,1.66817,-0.829166,-0.000571865,-0.00138258,-0.466675,-7.98042,-0.674158,-0.000414223,0.0229686,-0.424399,-0.558303,-4.1553,-1.05789,-0.00831079,-0.471586,-0.0469614,-0.004419,-4.61199,-0.00281059,-8.27344,-0.000103389,-2.01697,-2.44865,-0.00226839,9.31747,-4.1474,-0.00581551,-2.06887,-13.5726,-0.036584,-0.85253,13.6024,-0.0436444,-0.66783,13.4546,-7.24174,-0.00919254,-2.04375,2.93496,-7.15474,-11.9188,-0.00140949,-1.35703,-2.74555,0.324726,-9.09847,-1.53401,-14.1971,-0.00211748,-1.39319,39.8363,-0.00458955,-4.83467,-3.18889,-1.61279,12.9367,-5.33591,2.70409,3.39298,16.5229,-3.08801,-0.0153182,-6.08884,-0.0036591,-0.00177795,-0.375346,-1.89241,-0.208617,-6.84535,-0.0332827,-12.0515,-0.000633569,-4.63259,-5.62106,-1.50089,-0.0998246,13.9372,0.516316,-0.389018,-7.60433,-0.00243521,-24.0849,-0.912597,-0.0010431,-0.174523,2.30733,-0.12785,-2.38426,-10.5853,-0.0102116,-7.50871,3.02991,-0.00169761,-3.38495,-7.67624,-1.24253,-8.29141,-0.0463601,7.67449,5.72196,21.2393,-2.42003,8.01211,-0.015977,9.80824,2.6923,-1.75117,-0.000625795,0.0647381,-0.0406924,-0.0032461,-1.03347,-3.42996,-0.00546247,-0.000625795,-0.00733767,20.8191,0.178058,4.62269,-0.0065942,-0.000671857,-0.898208,-0.00104363,-4.43766,-9.00291,-0.000625795,-2.35706,-0.0267162,-19.5431,-1.88613,-0.00281559,-13.5865,-2.39158,-2.09345,-2.14425,29.095,2.61285,-1.91472,-0.185961,-0.0187334,-9.18925,-1.52597,-0.212611,-3.0634,21.3228,-2.69925,0.353258,17.0819,-3.68902,-5.28694,-1.59075,-4.33234,-11.1512,-0.489195,-3.01564,0.497389,-0.000625795,-2.756,-0.0436844,-4.99592,4.95704,0.102887,-0.00327592,-0.575491,-7.02814,-0.0477432,6.93296,-11.8538,-2.62239,-0.0362616,48.1238,-0.456382,-0.0821347,-0.000414223,3.80106,-9.28508,-0.09893,4.02136,-0.187838,-4.61427,-2.16823,1.03598,-0.218123,-0.714108,-0.0977226,-5.02864,-4.32749,23.636,0.945413,46.5319,-0.0847598,-1.59719,-6.00463,2.26188,-0.000918538,-0.000684457,-6.40712,-0.296068,-0.00221292,0.485181
11.5652,20.2649,-28.6986,0.0026149,0.0131895,0.830548,9.43578,3.31689,0.00168613,-0.0283567,13.926,2.6425,5.72156,10.6533,-0.0316551,4.84408,3.46614,0.0290704,4.35476,0.0127609,1.61673,0.000527644,-21.1051,-19.7299,0.0144561,-22.561,17.9866,0.0255282,4.51403,0.0351978,0.258541,-8.91082,-17.0508,0.230258,-0.553277,-16.6931,28.352,0.0583543,16.3169,7.41168,-34.255,8.22341,0.00512645,1.73472,-21.5443,-0.285586,13.7394,11.2405,-12.7527,0.0780454,-6.17959,-40.4093,-0.0767214,17.5132,17.5248,8.16184,-10.4202,3.89077,10.7278,-12.3451,-33.3122,4.42814,0.0787289,3.1583,0.0141269,0.035922,1.02543,9.35051,-9.85608,-4.04347,0.242281,-1.77714,0.00285393,28.9715,13.2056,8.22547,-0.314332,13.9656,-0.435571,1.52394,-10.6706,0.0141372,1.55308,4.27026,0.0044761,-0.434525,0.0786993,8.39994,17.698,1.73317,0.0550797,2.70972,19.8773,0.00892738,-23.1289,3.63726,5.98657,2.75947,-0.622026,-20.114,-15.1356,5.51831,-12.5263,-13.1678,-0.256959,-18.5082,-24.6907,8.21878,0.00287455,-0.0116342,-0.301119,0.00999829,-10.0138,5.68013,0.166778,0.00287455,0.0641228,-8.13977,-0.999743,2.61492,0.0313821,0.00285252,-11.0071,0.00550772,-26.0506,-1.71498,0.00287455,12.6973,0.424434,-5.81016,6.95232,-0.0348068,6.79712,-3.00574,-16.1291,12.989,6.33186,-5.13323,4.04113,4.0843,0.0632639,-16.0971,7.07639,-0.0166473,4.40628,-19.3338,-7.06226,-0.331818,31.9053,9.84118,1.42018,8.79776,0.623286,16.4739,2.70752,4.71708,-0.220651,0.00287455,19.0513,0.110997,-18.8657,25.7579,0.886034,-0.0306953,1.46351,-3.10313,0.204968,13.0236,32.6519,-37.7177,0.48058,-36.3536,10.2681,1.70808,0.00168613,0.754606,20.5828,-0.351808,-3.84992,1.86779,28.2709,8.06032,0.393244,-5.18576,2.89007,0.677336,5.09536,12.4521,-9.13525,4.9407,-15.7694,-0.538209,-3.30513,25.1521,-12.6462,0.0637428,0.00220942,-19.9889,-10.9363,0.0105104,-0.304517
